18.46954 18.74059 18.78713 18.84463 18.97878
18.99521 19.13758 19.18138 19.7974 20.27105
20.73101 20.93908 21.6783 22.0616 22.07255
23.06913 23.12663 23.14031 23.4141 24.01095
24.13415 24.51472 24.55031 24.66804 25.13073
25.13621 25.23203 25.28131 25.46475 25.84805
25.91376 25.94114 26.00684 26.20945 26.25051
26.49692 26.50513 26.68309 26.80903 26.95414
27.04997 27.05544 27.11841 27.13758 27.24709
27.88775 27.90144 28.00274 28.03285 28.10404
28.13963 28.18344 28.26283 28.29843 28.39151
28.45175 28.68172 28.76386 28.80767 29.07871
29.12526 29.35524 29.38261 29.44011 29.51403
29.56605 29.66461 29.79603 29.80972 29.86721
30.04517 30.06434 30.25599 30.60096 30.85558
31.21697 31.27995 31.35387 31.60301 31.75086
31.77002 31.7755 31.98631 32.04928 32.13689
32.1588 32.26283 32.33128 32.39699 32.45722
32.46817 32.53936 32.73374 32.76112 32.9911
33.08145 33.11978 33.15811 33.32238 33.44559
33.49487 33.66735 34.23135 34.29979 34.52977
34.54346 34.6256 34.65024 34.67488 34.68309
34.70226 34.73785 34.96235 34.97331 35.03628
35.06913 35.09377 35.21971 35.24162 35.3347
35.59754 35.63587 35.70705 35.75907 35.7755
35.93977 36.13689 36.26283 36.29295 36.31485
36.34223 36.51472 36.55578 36.5859 37
37.02669 37.04038 37.05133 37.06229 37.19097
37.24298 37.25667 37.3525 37.37166 37.4319
37.43737 37.4538 37.61807 37.71663 37.99589
38.07255 38.29432 38.68309 38.92402 38.98426
39.04723 39.06913 39.32923 39.75086 39.84394
39.84668 39.86311 39.90144 39.98905 40.03833
40.04928 40.11499 40.11773 40.3039 40.43258
40.53114 40.60233 40.61875 40.62971 40.67077
40.69268 40.87611 41.23751 41.30048 41.33881
41.44011 41.4538 41.47844 41.63176 41.87543
41.92197 42.10541 42.35729 42.42847 42.68036
42.76523 42.77618 42.81999 42.87748 42.93498
42.97057 43.24162 43.37851 43.49624 43.87953
43.93977 44.11499 44.1807 44.21081 44.47365
44.61602 44.63792 44.73101 44.75838 44.93908
44.98836 45.02669 45.11431 45.20739 45.3525
45.36345 45.43737 45.69473 45.7577 45.80698
45.99863 46.09719 46.19576 46.28337 46.35455
46.37098 46.39288 46.42574 46.77892 46.8282
46.88569 46.9514 47.10472 47.18686 47.22519
47.29637 47.33196 47.42779 47.52909 47.5729
47.75086 47.81383 47.8412 47.87132 47.91513
47.98357 47.99452 48.05476 48.1013 48.17796
48.27652 48.33676 48.55852 48.77207 48.79398
48.82136 48.91718 49.05133 49.1499 49.27584
49.37988 49.47023 49.54962 49.68925 49.78508
49.80424 49.84805 50.13552 50.39562 50.55989
50.61191 50.90212 51.0308 51.0883 51.24162
51.2553 51.61944 51.62491 51.65503 51.65777
51.72348 51.87953 52.01916 52.03012 52.23546
52.48186 52.55031 52.61875 52.64613 52.67077
52.74743 52.79945 52.90075 52.90897 52.97741
53.22108 53.34702 53.45654 53.56879 53.57153
53.71937 53.75496 54.13279 54.13826 54.141
54.31075 54.31348 54.68857 54.71869 54.7488
54.87748 54.95962 55.1321 55.3128 55.46338
55.50171 55.61944 55.62491 55.69336 55.87406
55.90965 55.91786 55.94251 56.11499 56.3833
56.44901 56.49008 56.59411 56.85969 56.89254
56.99658 57.01574 57.0924 57.18001 57.33607
57.38535 57.42368 57.73032 57.84531 58.07529
58.09719 58.40383 58.47502 58.54073 58.75154
58.7707 58.78713 58.8282 59.14853 59.17864
59.18138 59.41136 59.62491 59.88227 59.92334
59.96715 60.24367 60.53388 60.6078 60.65982
60.70363 60.71458 60.75838 60.78029 60.97741
60.98836 61.04586 61.26215 61.26762 61.28405
61.40178 61.46201 61.77139 61.86721 62.04244
62.31622 62.58179 62.75428 62.87474 62.89117
62.95414 62.97604 63.24983 63.41958 63.44969
63.54004 63.60849 63.67967 63.6961 63.75086
63.90418 63.93155 63.98084 64.08487 64.11773
64.282 64.31211 64.4052 64.4271 64.564
64.6078 64.62971 64.81588 64.83231 65.06229
65.08419 65.16359 65.25394 65.31417 65.40999
65.44011 65.62902 65.76591 65.94935 66.01232
66.08077 66.23135 66.31348 66.56537 66.59001
66.74059 66.74059 66.81999 66.86379 67.0883
67.1102 67.12389 67.19781 67.34292 67.46338
67.5154 67.77002 68 68.00548 68.03012
68.2601 68.31211 68.31211 68.59959 68.76112
68.86242 68.95825 68.9692 69.21013 69.21834
69.25941 69.36071 69.48665 69.62628 69.7358
69.90828 69.93566 70.02327 70.05886 70.12731
70.30253 70.69952 70.8282 70.83094 71.06639
71.1102 71.19781 71.21697 71.3922 71.40315
71.56468 71.67693 71.70431 71.7399 71.92334
72.04381 72.05749 72.45722 72.50376 72.78303
72.81588 72.83231 72.87885 72.90349 72.93361
73.01027 73.16632 73.28953 73.34428 73.39357
74.37098 74.48323 74.91855 74.93771 75.05544
75.20055 75.30459 75.64682 75.69062 75.8768
75.9206 75.96715 75.99452 76.05749 76.1807
76.25736 76.28474 76.34497 76.38604 76.67899
76.9473 77.18001 77.21287 77.24298 77.25394
77.71116 77.95756 77.98768 78.01232 78.01506
78.03696 78.05886 78.14648 78.43121 78.51061
78.66667 78.73785 78.77344 78.89117 78.94045
78.99247 78.99521 79.03354 79.13484 79.30459
79.32375 79.34839 79.35113 79.38398 79.41958
79.51814 79.54825 79.75359 79.78371 79.78919
79.84942 79.99452 80.11225 80.12594 80.13963
80.39699 80.49008 80.62423 80.62697 80.64339
80.76386 80.81588 80.8898 80.91718 81.12799
81.28405 81.36345 81.70021 81.84531 82.04244
82.53525 82.61465 82.65298 82.97331 83.14579
83.24435 83.28816 83.34839 83.62491 83.7755
83.95619 83.98357 84.06023 84.09309 84.44627
84.75838 84.93634 85.01848 85.16906 85.47844
85.97399 86.06434 86.42026 86.53525 86.67762
87.69336 88.90349
